,Player Name,Salary,GP,MP,eFG%,FT%,TRB,AST,STL,BLK,TOV,PTS,TS%
0,Stephen Curry,48070014,56,34.7,0.614,0.915,6.1,6.3,0.9,0.4,3.2,29.4,0.656
1,John Wall,47345760,34,22.2,0.457,0.681,2.7,5.2,0.8,0.4,2.4,11.4,0.498
2,Russell Westbrook,47080179,73,29.1,0.481,0.656,5.8,7.5,1.0,0.5,3.5,15.9,0.513
3,LeBron James,44474988,55,35.5,0.549,0.768,8.3,6.8,0.9,0.6,3.2,28.9,0.583
4,Kevin Durant,44119845,47,35.6,0.614,0.919,6.7,5.0,0.7,1.4,3.3,29.1,0.677
5,Bradley Beal,43279250,50,33.5,0.551,0.842,3.9,5.4,0.9,0.7,2.9,23.2,0.593
6,Kawhi Leonard,42492492,52,33.6,0.572,0.871,6.5,3.9,1.4,0.5,1.7,23.8,0.623
7,Paul George,42492492,56,34.6,0.536,0.871,6.1,5.1,1.5,0.4,3.1,23.8,0.588
8,Giannis Antetokounmpo,42492492,63,32.1,0.572,0.645,11.8,5.7,0.8,0.8,3.9,31.1,0.605
9,Damian Lillard,42492492,58,36.3,0.564,0.914,4.8,7.3,0.9,0.3,3.3,32.2,0.645
10,Klay Thompson,40600080,69,33.0,0.556,0.879,4.1,2.4,0.7,0.4,1.8,21.9,0.576
11,Kyrie Irving,38917057,60,37.4,0.572,0.905,5.1,5.5,1.1,0.8,2.1,27.1,0.613
12,Rudy Gobert,38172414,70,30.7,0.659,0.644,11.6,1.2,0.8,1.4,1.7,13.4,0.675
13,Khris Middleton,37984276,33,24.3,0.499,0.902,4.2,4.9,0.7,0.2,2.2,15.1,0.551
14,Anthony Davis,37980720,56,34.0,0.573,0.784,12.5,2.6,1.1,2.0,2.2,25.9,0.627
15,Jimmy Butler,37653300,64,33.4,0.56,0.85,5.9,5.3,1.8,0.3,1.6,22.9,0.647
16,Tobias Harris,37633050,74,32.9,0.575,0.876,5.7,2.5,0.9,0.5,1.2,14.7,0.602
17,Kemba Walker,37281261,9,16.0,0.482,0.81,1.8,2.1,0.2,0.2,0.4,8.0,0.543
18,Trae Young,37096500,73,34.8,0.485,0.886,3.0,10.2,1.1,0.1,4.1,26.2,0.573
19,Zach LaVine,37096500,77,35.9,0.558,0.848,4.5,4.2,0.9,0.2,2.5,24.8,0.607
20,Ben Simmons,35448672,42,26.3,0.566,0.439,6.3,6.1,1.3,0.6,2.3,6.9,0.559
21,Pascal Siakam,35448672,71,37.4,0.515,0.774,7.8,5.8,0.9,0.5,2.4,24.2,0.565
22,Myles Turner,35096500,62,29.4,0.612,0.783,7.5,1.4,0.6,2.3,1.7,18.0,0.651
23,Jrue Holiday,34319520,67,32.6,0.556,0.859,5.1,7.4,1.2,0.4,2.9,19.3,0.586
24,Karl-Anthony Towns,33833400,29,33.0,0.565,0.874,8.1,4.8,0.7,0.6,3.0,20.8,0.618
25,Devin Booker,33833400,53,34.6,0.546,0.855,4.5,5.5,1.0,0.3,2.7,27.8,0.601
26,Andrew Wiggins,33616770,37,32.2,0.557,0.611,5.0,2.3,1.2,0.8,1.3,17.1,0.564
27,Joel Embiid,33616770,66,34.6,0.573,0.857,10.2,4.2,1.0,1.7,3.4,33.1,0.655
28,CJ McCollum,33333333,75,35.3,0.515,0.769,4.4,5.7,0.9,0.5,2.4,20.9,0.541
29,James Harden,33000000,58,36.8,0.536,0.867,6.1,10.7,1.2,0.5,3.4,21.0,0.607
30,Jamal Murray,31650600,65,32.8,0.537,0.833,4.0,6.2,1.0,0.2,2.2,20.0,0.571
31,Brandon Ingram,31650600,45,34.2,0.522,0.882,5.5,5.8,0.7,0.4,3.3,24.7,0.582
32,D'Angelo Russell,31377750,71,32.5,0.572,0.829,3.0,6.2,1.0,0.4,2.6,17.8,0.605
33,Donovan Mitchell,30913750,68,35.8,0.572,0.867,4.3,4.4,1.5,0.4,2.6,28.3,0.614
34,Shai Gilgeous-Alexander,30913750,68,35.5,0.531,0.905,4.8,5.5,1.6,1.0,2.8,31.4,0.626
35,Deandre Ayton,30913750,67,30.4,0.592,0.76,10.0,1.7,0.6,0.8,1.8,18.0,0.617
36,Kevin Love,30556968,62,20.0,0.506,0.879,6.4,1.9,0.3,0.2,1.1,8.2,0.548
37,Jayson Tatum,30351780,74,36.9,0.543,0.854,8.8,4.6,1.1,0.7,2.9,30.1,0.607
38,Bam Adebayo,30351780,75,34.6,0.541,0.806,9.2,3.2,1.2,0.8,2.5,20.4,0.592
39,De'Aaron Fox,30351780,73,33.4,0.557,0.78,4.2,6.1,1.1,0.3,2.5,25.0,0.599
40,Gordon Hayward,30075000,50,31.5,0.52,0.811,4.3,4.1,0.8,0.2,2.0,14.7,0.563
41,Jaylen Brown,29776785,67,35.9,0.55,0.765,6.9,3.5,1.1,0.4,2.9,26.6,0.581
42,Chris Paul,28400000,59,32.0,0.513,0.831,4.3,8.9,1.5,0.4,1.9,13.9,0.555
43,Kyle Lowry,28333334,55,31.2,0.514,0.859,4.1,5.1,1.0,0.4,1.9,11.2,0.565
44,Jalen Brunson,27733332,68,35.0,0.547,0.829,3.5,6.2,0.9,0.2,2.1,24.0,0.597
45,DeMar DeRozan,27300000,74,36.2,0.522,0.872,4.6,5.1,1.1,0.5,2.1,24.5,0.592
46,Al Horford,26500000,63,30.5,0.627,0.714,6.2,3.0,0.5,1.0,0.6,9.8,0.631
47,Draymond Green,25806468,73,31.5,0.57,0.713,7.2,6.8,1.0,0.8,2.8,8.5,0.592
48,Julius Randle,23760000,77,35.5,0.536,0.757,10.0,4.1,0.6,0.3,2.8,25.1,0.581
49,John Collins,23500000,71,30.0,0.557,0.803,6.5,1.2,0.6,1.0,1.1,13.1,0.593
50,Mike Conley,22680000,67,30.3,0.539,0.834,2.7,6.7,1.1,0.2,1.5,11.9,0.583
51,Malcolm Brogdon,22600000,67,26.0,0.574,0.87,4.2,3.7,0.7,0.3,1.5,14.9,0.615
52,Anfernee Simons,22321429,62,35.0,0.548,0.894,2.6,4.1,0.7,0.2,2.1,21.1,0.581
53,Terry Rozier,21486316,63,35.3,0.484,0.809,4.1,5.1,1.2,0.3,2.1,21.1,0.517
54,Fred VanVleet,21250000,69,36.7,0.486,0.898,4.1,7.2,1.8,0.6,2.0,19.3,0.54
55,Buddy Hield,21177750,80,31.0,0.596,0.822,5.0,2.8,1.2,0.3,1.7,16.8,0.614
56,Domantas Sabonis,21100000,79,34.6,0.632,0.742,12.3,7.3,0.8,0.5,2.9,19.1,0.668
57,Jerami Grant,20955000,63,35.7,0.554,0.813,4.5,2.4,0.8,0.8,1.8,20.5,0.606
58,Aaron Gordon,20690909,68,30.2,0.603,0.608,6.6,3.0,0.8,0.8,1.4,16.3,0.617
59,Mikal Bridges,20100000,83,35.7,0.535,0.895,4.4,3.3,1.1,0.7,1.5,20.1,0.587
60,Jarrett Allen,20000000,68,32.6,0.645,0.733,9.8,1.7,0.8,1.2,1.4,14.3,0.67
61,Nicolas Batum,19700319,78,21.9,0.583,0.708,3.8,1.6,0.7,0.6,0.6,6.1,0.594
62,Eric Gordon,19568360,69,28.5,0.547,0.821,1.9,2.7,0.6,0.4,1.5,12.4,0.587
63,Spencer Dinwiddie,19500000,79,34.5,0.524,0.812,3.4,6.5,0.8,0.3,1.8,17.3,0.573
64,Caris LeVert,18796296,74,30.2,0.517,0.722,3.8,3.9,1.0,0.3,1.6,12.1,0.546
65,Joe Harris,18642857,74,20.6,0.618,0.643,2.2,1.4,0.5,0.2,0.6,7.6,0.621
66,Harrison Barnes,18352273,82,32.5,0.556,0.847,4.5,1.6,0.7,0.1,1.0,15.0,0.632
67,Clint Capela,18206896,65,26.6,0.653,0.603,11.0,0.9,0.7,1.2,0.8,12.0,0.656
68,Evan Fournier,18000000,27,17.0,0.443,0.857,1.8,1.3,0.6,0.1,0.8,6.1,0.471
69,Steven Adams,17926829,42,27.0,0.597,0.364,11.5,2.3,0.9,1.1,1.9,8.6,0.564
70,Jonathan Isaac,17400000,11,11.3,0.472,0.556,4.0,0.5,1.3,0.4,0.4,5.0,0.483
71,OG Anunoby,17357143,67,35.6,0.556,0.838,5.0,2.0,1.9,0.7,2.0,16.8,0.586
72,Marcus Smart,17207142,61,32.1,0.511,0.746,3.1,6.3,1.5,0.4,2.3,11.5,0.538
73,Derrick White,17142857,82,28.3,0.56,0.875,3.6,3.9,0.7,0.9,1.2,12.4,0.604
74,Dejounte Murray,17071120,74,36.4,0.514,0.832,5.3,6.1,1.5,0.3,2.2,20.5,0.54
75,Mitchell Robinson,17045454,59,27.0,0.671,0.484,9.4,0.9,0.9,1.8,0.7,7.4,0.652
76,Duncan Robinson,16902000,42,16.5,0.504,0.906,1.6,1.1,0.3,0.0,0.7,6.4,0.534
77,Norman Powell,16758621,60,26.1,0.559,0.812,2.9,1.8,0.8,0.3,1.7,17.0,0.612
78,Collin Sexton,16700000,48,23.9,0.558,0.819,2.2,2.9,0.6,0.1,1.8,14.3,0.616
79,Markelle Fultz,16500000,60,29.6,0.534,0.783,3.9,5.7,1.5,0.4,2.3,14.0,0.564
80,Lauri Markkanen,16475454,66,34.4,0.586,0.875,8.6,1.9,0.6,0.6,1.9,25.6,0.64
81,Marcus Morris,16372093,65,28.1,0.513,0.782,4.0,1.8,0.6,0.3,0.9,11.2,0.534
82,Malik Beasley,15558035,81,25.8,0.52,0.769,3.5,1.5,0.8,0.1,1.1,12.7,0.531
83,Luguentz Dort,15277778,74,30.7,0.466,0.772,4.6,2.1,1.0,0.3,1.2,13.7,0.513
84,Will Barton,15059712,56,17.7,0.47,0.787,2.4,2.0,0.5,0.2,0.9,6.8,0.493
85,Tyus Jones,15000000,80,24.3,0.523,0.8,2.5,5.2,1.0,0.1,0.9,10.3,0.546
86,Derrick Rose,14520730,27,12.5,0.443,0.917,1.5,1.7,0.3,0.2,0.8,5.6,0.463
87,Kevin Huerter,14508929,75,29.4,0.603,0.725,3.3,2.9,1.1,0.3,1.3,15.2,0.617
88,Christian Wood,14317459,67,25.9,0.583,0.772,7.3,1.8,0.4,1.1,1.8,16.6,0.624
89,Kentavious Caldwell-Pope,14004703,76,31.3,0.569,0.824,2.7,2.4,1.5,0.5,1.1,10.8,0.598
90,Brook Lopez,13906976,78,30.4,0.606,0.784,6.7,1.3,0.5,2.5,1.4,15.9,0.63
91,Patrick Beverley,13801614,67,27.1,0.511,0.723,3.7,2.9,0.9,0.6,0.9,6.2,0.534
92,Doug McDermott,13750000,64,20.5,0.575,0.757,2.2,1.4,0.2,0.1,0.9,10.2,0.59
93,Luke Kennard,13745455,59,22.3,0.666,0.949,2.7,1.5,0.5,0.1,0.8,9.3,0.684
94,Zion Williamson,13534817,29,33.0,0.615,0.714,7.0,4.6,1.1,0.6,3.4,26.0,0.652
95,Jordan Clarkson,13340000,61,32.6,0.519,0.816,4.0,4.4,0.5,0.2,3.0,20.8,0.558
96,Gary Harris,13000000,48,24.7,0.603,0.9,2.0,1.2,0.9,0.3,0.6,8.3,0.62
97,Kyle Kuzma,13000000,64,35.0,0.518,0.73,7.2,3.7,0.6,0.5,3.0,21.2,0.544
98,Josh Hart,12960000,76,32.3,0.588,0.75,7.8,3.8,1.2,0.3,1.5,9.8,0.622
99,Dorian Finney-Smith,12939848,66,30.4,0.505,0.763,4.8,1.5,0.8,0.5,0.9,8.3,0.523
100,Kelly Olynyk,12804878,68,28.6,0.583,0.853,6.2,3.7,0.9,0.5,2.5,12.5,0.643
101,Chris Boucher,12690000,76,20.0,0.552,0.762,5.5,0.4,0.6,0.8,0.5,9.4,0.59
102,Robert Covington,12307692,48,16.2,0.563,0.75,3.5,1.2,0.8,0.7,0.7,6.0,0.584
103,Josh Richardson,12196094,65,23.5,0.528,0.852,2.7,2.7,1.1,0.3,1.3,10.1,0.555
104,Ja Morant,12119440,61,31.9,0.504,0.748,5.9,8.1,1.1,0.3,3.4,26.2,0.557
105,Danny Green,11710528,11,12.5,0.612,1.0,1.3,0.5,0.5,0.3,0.9,5.5,0.617
106,Terrence Ross,11500000,63,21.1,0.532,0.794,2.4,1.5,0.6,0.2,0.7,8.3,0.544
107,Reggie Jackson,11457217,68,24.4,0.486,0.91,2.1,3.4,0.7,0.1,1.7,10.2,0.514
108,Dillon Brooks,11400000,73,30.3,0.468,0.779,3.3,2.6,0.9,0.2,1.4,14.3,0.494
109,Richaun Holmes,11215260,42,8.3,0.646,0.789,1.9,0.2,0.1,0.3,0.3,3.1,0.668
110,Dwight Powell,11080125,76,19.2,0.732,0.667,4.1,0.9,0.6,0.3,0.9,6.7,0.738
111,Paolo Banchero,11055120,72,33.8,0.465,0.738,6.9,3.7,0.8,0.5,2.8,20.0,0.529
112,RJ Barrett,10900634,73,33.9,0.485,0.74,5.0,2.8,0.4,0.2,2.2,19.6,0.531
113,Bobby Portis,10843350,70,26.0,0.555,0.768,9.6,1.5,0.4,0.2,1.2,14.1,0.575
114,DeAndre Jordan,10733758,39,15.0,0.77,0.458,5.2,0.9,0.3,0.6,1.2,5.1,0.731
115,Anthony Edwards,10733400,79,36.0,0.528,0.756,5.8,4.4,1.6,0.7,3.3,24.6,0.564
116,Robert Williams,10714287,35,23.5,0.747,0.61,8.3,1.4,0.6,1.4,1.0,8.0,0.742
117,Cade Cunningham,10552800,12,33.3,0.453,0.837,6.2,6.0,0.8,0.6,3.3,19.9,0.492
118,Mo Bamba,10300000,49,15.7,0.585,0.661,4.6,0.9,0.3,0.9,0.6,6.6,0.602
119,Talen Horton-Tucker,10260000,65,20.2,0.467,0.75,3.2,3.8,0.6,0.4,1.9,10.7,0.508
120,Jae Crowder,10183800,18,18.9,0.606,0.833,3.8,1.5,0.7,0.3,0.4,6.9,0.624
121,Ivica Zubac,10123457,76,28.6,0.634,0.697,9.9,1.0,0.4,1.3,1.5,10.8,0.661
122,Reggie Bullock,10012800,78,30.3,0.569,0.703,3.6,1.4,0.7,0.2,0.5,7.2,0.577
123,Alec Burks,10012800,51,22.0,0.544,0.814,3.1,2.2,0.7,0.2,1.1,12.8,0.602
124,De'Andre Hunter,9835881,67,31.7,0.522,0.826,4.2,1.4,0.5,0.3,1.2,15.4,0.563
125,James Wiseman,9603360,45,19.3,0.563,0.701,5.9,0.7,0.2,0.6,1.1,10.0,0.589
126,Landry Shamet,9500000,40,20.2,0.502,0.882,1.7,2.3,0.7,0.1,0.9,8.7,0.537
127,Malik Monk,9472219,77,22.3,0.538,0.889,2.6,3.9,0.6,0.3,1.9,13.5,0.587
128,Jalen Green,9441840,76,34.2,0.485,0.786,3.7,3.7,0.8,0.2,2.6,22.1,0.538
129,Jakob Poeltl,9398148,72,26.5,0.629,0.592,9.1,2.7,0.9,1.2,1.7,12.5,0.635
130,Nerlens Noel,9391069,17,11.5,0.375,0.667,2.7,0.6,0.9,0.6,0.8,2.1,0.424
131,Royce O'Neale,9200000,76,31.7,0.524,0.725,5.1,3.7,0.9,0.6,1.5,8.8,0.538
132,Monte Morris,9125000,62,27.3,0.555,0.831,3.4,5.3,0.7,0.2,1.0,10.3,0.579
133,Mason Plumlee,9080417,79,26.0,0.68,0.636,8.9,3.1,0.6,0.6,1.5,10.8,0.689
134,Alex Caruso,9030000,67,23.5,0.551,0.808,2.9,2.9,1.5,0.7,1.1,5.6,0.588
135,Maxi Kleber,9000000,37,25.1,0.571,0.711,3.6,1.4,0.3,0.8,0.7,5.9,0.592
136,Grayson Allen,8925000,72,27.4,0.571,0.905,3.3,2.3,0.9,0.2,1.0,10.4,0.612
137,Darius Garland,8920794,69,35.5,0.537,0.863,2.7,7.8,1.2,0.1,2.9,21.6,0.587
138,Isaiah Hartenstein,8854879,82,19.8,0.547,0.676,6.5,1.2,0.6,0.8,0.8,5.0,0.567
139,Kyle Anderson,8780488,69,28.4,0.553,0.735,5.3,4.9,1.1,0.9,1.5,9.4,0.583
140,Victor Oladipo,8750000,42,26.3,0.484,0.747,3.0,3.5,1.4,0.3,2.1,10.7,0.513
141,Daniel Theis,8694369,7,15.6,0.5,0.417,3.1,1.3,0.3,0.9,0.4,7.0,0.497
142,LaMelo Ball,8623920,36,35.2,0.51,0.836,6.4,8.4,1.3,0.3,3.6,23.3,0.541
143,Seth Curry,8496653,61,19.9,0.568,0.927,1.6,1.6,0.6,0.1,0.8,9.2,0.593
144,Evan Mobley,8478720,79,34.4,0.566,0.674,9.0,2.8,0.8,1.5,1.8,16.2,0.591
145,Gary Payton II,8300000,22,16.7,0.688,0.857,3.1,1.4,1.0,0.2,0.7,4.6,0.701
146,Dewayne Dedmon,8283688,38,11.2,0.55,0.673,3.5,0.7,0.2,0.5,0.7,5.2,0.577
147,De'Anthony Melton,8250000,77,27.9,0.546,0.793,4.1,2.6,1.6,0.5,1.3,10.1,0.566
148,JaMychal Green,8200000,57,14.0,0.623,0.776,3.6,0.9,0.4,0.4,0.9,6.4,0.65
149,Keegan Murray,8008440,80,29.8,0.584,0.765,4.6,1.2,0.8,0.5,0.8,12.2,0.597
150,Kevon Looney,8000000,82,23.9,0.63,0.606,9.3,2.5,0.6,0.6,0.5,7.0,0.639
151,Thaddeus Young,8000000,54,14.7,0.561,0.692,3.1,1.4,1.0,0.1,0.8,4.4,0.573
152,Delon Wright,7804878,50,24.4,0.545,0.867,3.6,3.9,1.8,0.3,0.9,7.4,0.581
153,Patrick Williams,7775400,82,28.3,0.549,0.857,4.0,1.2,0.9,0.9,1.2,10.2,0.576
154,Scottie Barnes,7644600,77,34.8,0.487,0.772,6.6,4.8,1.1,0.8,2.0,15.3,0.524
155,Cedi Osman,7426088,77,20.1,0.56,0.694,2.3,1.5,0.5,0.1,0.7,8.7,0.579
156,Coby White,7413955,74,23.4,0.551,0.871,2.9,2.8,0.7,0.1,1.0,9.7,0.572
157,Zach Collins,7350000,63,22.9,0.568,0.761,6.4,2.9,0.6,0.8,2.0,11.6,0.599
158,Jaden Ivey,7252200,74,31.1,0.477,0.747,3.9,5.2,0.8,0.2,3.2,16.3,0.528
159,Taurean Prince,7100000,54,22.1,0.565,0.844,2.4,1.6,0.5,0.3,1.3,9.1,0.597
160,Jae'Sean Tate,7065217,31,21.8,0.509,0.725,3.8,2.7,0.7,0.2,1.5,9.1,0.546
161,Isaac Okoro,7040880,76,21.7,0.582,0.757,2.5,1.1,0.7,0.4,0.6,6.4,0.614
162,Cody Martin,7000000,7,19.1,0.431,0.571,3.4,1.6,0.6,0.1,0.3,5.0,0.448
163,Jalen Suggs,6922320,53,23.5,0.493,0.723,3.0,2.9,1.3,0.5,1.8,9.9,0.528
164,Jaxson Hayes,6803012,47,13.0,0.561,0.699,2.8,0.7,0.4,0.4,0.7,5.0,0.605
165,Khem Birch,6667500,20,8.1,0.609,0.8,1.3,0.4,0.3,0.3,0.4,2.2,0.629
166,Bennedict Mathurin,6586800,78,28.5,0.487,0.828,4.1,1.5,0.6,0.2,1.9,16.7,0.566
167,Bruce Brown,6479000,80,28.5,0.545,0.758,4.1,3.4,1.1,0.6,1.5,11.5,0.571
168,Caleb Martin,6479000,71,29.3,0.54,0.805,4.8,1.6,1.0,0.4,1.1,9.6,0.571
169,Joe Ingles,6479000,46,22.7,0.603,0.857,2.8,3.3,0.7,0.1,1.2,6.9,0.616
170,Onyeka Okongwu,6395160,80,23.1,0.642,0.781,7.2,1.0,0.7,1.3,1.0,9.9,0.678
171,Josh Giddey,6287400,76,31.1,0.516,0.731,7.9,6.2,0.8,0.4,2.8,16.6,0.533
172,Rui Hachimura,6263188,63,23.3,0.53,0.739,4.5,0.9,0.3,0.4,0.8,11.2,0.556
173,Rudy Gay,6184500,56,14.6,0.437,0.857,2.9,1.0,0.3,0.3,0.7,5.2,0.475
174,Jevon Carter,6025000,81,22.3,0.549,0.816,2.5,2.4,0.8,0.4,1.0,8.0,0.56
175,Shaedon Sharpe,6012960,80,22.2,0.551,0.714,3.0,1.2,0.5,0.3,1.0,9.9,0.568
176,Cameron Payne,6000000,48,20.2,0.49,0.766,2.2,4.5,0.7,0.2,1.7,10.3,0.512
177,Justin Holiday,5987975,46,15.3,0.49,0.625,1.2,0.9,0.4,0.4,0.5,4.5,0.494
178,Cam Reddish,5954454,40,24.8,0.518,0.853,2.2,1.4,1.0,0.4,1.2,9.7,0.561
179,Cameron Johnson,5887899,42,28.5,0.579,0.842,4.4,1.9,1.2,0.3,0.9,15.5,0.617
180,Ricky Rubio,5853659,33,17.2,0.402,0.8,2.1,3.5,0.8,0.2,0.9,5.2,0.442
181,Killian Hayes,5837760,76,28.3,0.426,0.821,2.9,6.2,1.4,0.4,2.3,10.3,0.455
182,Jonathan Kuminga,5739840,67,20.8,0.579,0.652,3.4,1.9,0.6,0.5,1.4,9.9,0.597
183,Pat Connaughton,5728393,61,23.7,0.521,0.659,4.6,1.3,0.6,0.2,0.5,7.6,0.531
184,Tyler Herro,5722116,67,34.9,0.531,0.934,5.4,4.2,0.8,0.2,2.4,20.1,0.566
185,Romeo Langford,5634257,43,19.6,0.498,0.696,2.7,1.2,0.6,0.3,0.7,6.9,0.524
186,Dyson Daniels,5508600,59,17.7,0.483,0.65,3.2,2.3,0.7,0.2,1.0,3.8,0.503
187,JaVale McGee,5461219,42,8.5,0.648,0.585,2.5,0.3,0.1,0.6,0.9,4.4,0.65
188,Goga Bitadze,5377520,38,12.0,0.576,0.548,3.6,1.0,0.4,0.7,0.6,4.4,0.582
189,Obi Toppin,5348280,67,15.7,0.548,0.809,2.8,1.0,0.3,0.2,0.6,7.4,0.565
190,Franz Wagner,5258280,80,32.6,0.543,0.842,4.1,3.5,1.0,0.2,2.1,18.6,0.589
191,Kendrick Nunn,5250000,70,13.8,0.512,0.854,1.6,1.3,0.4,0.1,0.9,7.1,0.53
192,Hamidou Diallo,5200000,56,17.8,0.58,0.588,3.5,1.0,0.9,0.3,1.3,9.3,0.593
193,Cory Joseph,5155500,62,19.8,0.527,0.792,1.7,3.5,0.5,0.1,0.9,6.9,0.558
194,Garrett Temple,5155500,25,6.5,0.522,0.75,0.7,0.5,0.4,0.1,0.2,2.0,0.535
195,Torrey Craig,5121951,79,24.7,0.556,0.711,5.4,1.5,0.6,0.8,0.9,7.4,0.566
196,Jeremy Sochan,5063520,56,26.0,0.483,0.698,5.3,2.5,0.8,0.4,1.7,11.0,0.509
197,Nickeil Alexander-Walker,5009633,59,15.0,0.547,0.667,1.7,1.8,0.5,0.4,0.9,6.2,0.565
198,Furkan Korkmaz,5000000,37,9.5,0.514,0.722,1.1,0.6,0.3,0.1,0.6,3.8,0.552
199,Deni Avdija,4916160,76,26.6,0.497,0.739,6.4,2.8,0.9,0.4,1.6,9.2,0.535
200,Davion Mitchell,4833600,80,18.1,0.533,0.806,1.3,2.3,0.6,0.2,0.8,5.6,0.545
201,Johnny Davis,4810320,28,15.1,0.436,0.519,2.3,1.0,0.4,0.3,0.6,5.8,0.446
202,Ty Jerome,4728948,45,18.1,0.56,0.927,1.7,3.0,0.5,0.1,0.7,6.9,0.594
203,Jalen Smith,4670160,68,18.8,0.53,0.759,5.8,1.0,0.3,0.9,1.1,9.4,0.565
204,Ziaire Williams,4591680,37,15.2,0.492,0.773,2.1,0.9,0.4,0.2,1.0,5.7,0.511
205,Ousmane Dieng,4569840,39,14.6,0.492,0.652,2.7,1.2,0.4,0.2,0.7,4.9,0.505
206,Jeff Green,4500000,56,19.5,0.534,0.744,2.6,1.2,0.3,0.3,0.8,7.8,0.576
207,Donte DiVincenzo,4500000,72,26.3,0.574,0.817,4.5,3.5,1.3,0.1,1.6,9.4,0.593
208,Devin Vassell,4437000,38,31.0,0.525,0.78,3.9,3.6,1.1,0.4,1.5,18.5,0.55
209,Matisse Thybulle,4379526,71,16.9,0.542,0.679,2.0,0.7,1.2,0.5,0.3,4.1,0.552
210,Jarred Vanderbilt,4374000,78,24.1,0.58,0.691,7.5,2.4,1.1,0.3,1.2,7.9,0.604
211,James Bouknight,4362240,34,15.1,0.443,0.667,2.1,1.2,0.4,0.1,0.9,5.6,0.463
212,Brandon Clarke,4343919,56,19.5,0.658,0.723,5.5,1.3,0.6,0.7,1.0,10.0,0.682
213,Jalen Williams,4341480,75,30.3,0.567,0.812,4.5,3.3,1.4,0.5,1.6,14.1,0.601
214,Grant Williams,4306281,79,25.9,0.575,0.77,4.6,1.7,0.5,0.4,1.0,8.1,0.605
215,Darius Bazley,4264628,43,14.3,0.508,0.543,3.2,0.9,0.5,0.8,0.6,5.2,0.524
216,Tyrese Haliburton,4215120,56,33.6,0.586,0.871,3.7,10.4,1.6,0.4,2.5,20.7,0.624
217,Nassir Little,4171548,54,18.1,0.538,0.717,2.6,0.9,0.4,0.4,0.7,6.6,0.555
218,Jalen Duren,4124280,67,24.9,0.648,0.611,8.9,1.1,0.7,0.9,1.4,9.1,0.655
219,Gorgui Dieng,4105236,31,11.5,0.474,0.769,3.5,1.7,0.1,0.5,1.0,3.9,0.493
220,Justise Winslow,4097561,29,26.8,0.444,0.714,5.0,3.4,1.0,0.4,1.5,6.8,0.466
221,Dylan Windler,4037277,3,3.3,0.833,,0.0,0.3,0.3,0.0,0.3,1.7,0.833
222,Stanley Johnson,4022164,30,15.6,0.607,0.667,3.2,2.2,0.5,0.2,1.1,5.8,0.625
223,George Hill,4000000,46,18.1,0.572,0.764,1.8,2.4,0.6,0.1,0.7,5.0,0.61
224,Terence Davis,4000000,64,13.1,0.545,0.791,2.2,1.0,0.7,0.2,0.8,6.7,0.563
225,Chris Duarte,3936960,46,19.5,0.452,0.847,2.5,1.4,0.5,0.2,0.9,7.9,0.496
226,Alex Len,3918600,26,6.2,0.533,0.688,2.3,0.5,0.2,0.4,0.6,1.7,0.58
227,Ochai Agbaji,3918360,59,20.5,0.532,0.812,2.1,1.1,0.3,0.3,0.7,7.9,0.561
228,Jordan Poole,3901399,82,30.0,0.514,0.87,2.7,4.5,0.8,0.3,3.1,20.4,0.573
229,Keldon Johnson,3873024,63,32.7,0.512,0.749,5.0,2.9,0.7,0.2,2.1,22.0,0.551
230,James Johnson,3841067,18,9.0,0.48,0.5,1.7,0.8,0.4,0.3,0.4,2.8,0.486
231,Aaron Nesmith,3804360,73,24.9,0.525,0.838,3.8,1.3,0.8,0.5,1.0,10.1,0.566
232,Moses Moody,3740160,63,13.0,0.584,0.698,1.7,0.8,0.3,0.1,0.5,4.8,0.603
233,Mark Williams,3722040,43,19.3,0.637,0.691,7.1,0.4,0.7,1.0,0.9,9.0,0.659
234,Cole Anthony,3613680,60,25.9,0.516,0.894,4.8,3.9,0.6,0.5,1.5,13.0,0.57
235,Corey Kispert,3552840,74,28.3,0.637,0.852,2.8,1.2,0.4,0.1,0.7,11.1,0.657
236,AJ Griffin,3536160,72,19.5,0.56,0.894,2.1,1.0,0.6,0.2,0.6,8.9,0.577
237,Mike Muscala,3500000,63,15.0,0.587,0.769,3.2,0.8,0.2,0.4,0.4,6.1,0.608
238,Georges Niang,3465000,78,19.4,0.596,0.867,2.4,1.0,0.4,0.2,0.7,8.2,0.61
239,Isaiah Stewart,3433320,50,28.3,0.518,0.738,8.1,1.4,0.4,0.7,1.4,11.3,0.56
240,Chuma Okeke,3433320,27,19.2,0.459,0.762,3.6,1.4,0.7,0.4,0.6,4.7,0.488
241,Amir Coffey,3395062,50,12.5,0.424,0.778,1.1,1.1,0.1,0.1,0.4,3.4,0.498
242,Tari Eason,3359160,82,21.5,0.493,0.752,6.0,1.1,1.2,0.6,1.2,9.3,0.525
243,Aleksej Pokusevski,3261480,34,20.6,0.51,0.629,4.7,1.9,0.6,1.3,1.3,8.1,0.522
244,Simone Fontecchio,3205128,52,14.7,0.47,0.795,1.7,0.8,0.3,0.2,0.8,6.3,0.495
245,Andre Drummond,3200000,67,12.7,0.606,0.536,6.6,0.5,0.7,0.4,1.1,6.0,0.606
246,Dalen Terry,3191400,38,5.6,0.493,0.667,1.0,0.6,0.3,0.1,0.2,2.2,0.523
247,Sterling Brown,3122602,4,6.0,0.0,,2.0,0.5,0.8,0.0,0.0,0.0,0.0
248,Josh Green,3098400,60,25.7,0.626,0.723,3.0,1.7,0.7,0.1,1.2,9.1,0.645
249,Jake LaRavia,3047640,35,11.8,0.516,0.778,1.8,0.6,0.3,0.1,0.5,3.0,0.531
250,Tre Mann,3046200,67,17.7,0.474,0.764,2.3,1.8,0.6,0.2,0.9,7.7,0.492
251,Kevin Knox,3000000,63,15.1,0.556,0.767,2.8,0.5,0.4,0.2,0.8,6.6,0.579
252,Saddiq Bey,2959080,77,27.6,0.513,0.861,4.7,1.5,0.9,0.2,0.9,13.8,0.564
253,Malaki Branham,2925600,66,23.5,0.503,0.829,2.7,1.9,0.5,0.1,1.2,10.2,0.524
254,Joe Wieskamp,2909261,9,5.6,0.321,,0.4,0.3,0.0,0.0,0.1,1.0,0.321
255,Kai Jones,2909040,46,12.0,0.575,0.731,2.7,0.3,0.4,0.7,0.7,3.4,0.597
256,Blake Griffin,2905851,41,13.9,0.573,0.656,3.8,1.5,0.3,0.2,0.5,4.1,0.59
257,Robin Lopez,2905851,37,8.1,0.653,0.778,1.4,0.5,0.1,0.2,0.7,3.0,0.675
258,Markieff Morris,2905851,35,10.1,0.53,1.0,2.0,0.9,0.3,0.1,0.5,3.8,0.553
259,Andre Iguodala,2905851,8,14.1,0.5,0.667,2.1,2.4,0.5,0.4,1.1,2.1,0.521
260,Serge Ibaka,2905851,16,11.6,0.537,0.615,2.8,0.3,0.1,0.4,0.7,4.1,0.553
261,Udonis Haslem,2905851,7,10.1,0.397,0.8,1.6,0.0,0.1,0.3,0.1,3.9,0.433
262,Wesley Matthews,2905851,52,15.8,0.484,0.857,2.2,0.7,0.4,0.3,0.3,3.4,0.519
263,Austin Rivers,2905851,52,19.5,0.538,0.769,1.6,1.4,0.5,0.1,0.4,4.9,0.564
264,Bismack Biyombo,2905851,61,14.3,0.578,0.357,4.3,0.9,0.3,1.4,0.8,4.3,0.555
265,Taj Gibson,2905851,49,9.8,0.552,0.714,1.9,0.7,0.3,0.2,0.5,3.4,0.585
266,Precious Achiuwa,2840160,55,20.7,0.521,0.702,6.0,0.9,0.6,0.5,1.1,9.2,0.554
267,Christian Braun,2808600,76,15.5,0.554,0.625,2.4,0.8,0.5,0.2,0.5,4.7,0.568
268,Jordan Nwora,2800000,62,19.2,0.533,0.791,3.7,1.4,0.4,0.2,1.1,8.7,0.561
269,Jalen Johnson,2792640,70,14.9,0.537,0.628,4.0,1.2,0.5,0.5,0.6,5.6,0.554
270,Tyrese Maxey,2726880,60,33.6,0.568,0.845,2.9,3.5,0.8,0.1,1.3,20.3,0.605
271,Bruno Fernando,2717391,39,10.4,0.527,0.7,3.5,0.8,0.2,0.9,0.6,3.9,0.571
272,Walker Kessler,2696400,74,23.0,0.721,0.516,8.4,0.9,0.4,2.3,0.8,9.2,0.702
273,Keon Johnson,2681040,40,10.4,0.455,0.659,1.1,1.5,0.5,0.2,1.1,4.7,0.482
274,Charles Bassey,2674742,35,14.5,0.656,0.595,5.5,1.3,0.5,0.9,1.2,5.7,0.658
275,Matthew Dellavedova,2628597,32,6.7,0.43,0.571,0.4,1.3,0.2,0.0,0.3,1.5,0.443
276,Trey Lyles,2625000,74,16.9,0.565,0.815,4.1,0.9,0.4,0.4,0.9,7.6,0.607
277,Zeke Nnaji,2617800,53,13.7,0.605,0.645,2.6,0.3,0.3,0.4,0.6,5.2,0.62
278,David Roddy,2588640,70,18.0,0.506,0.631,2.8,0.8,0.4,0.3,0.8,6.7,0.519
279,Isaiah Jackson,2573760,63,16.5,0.566,0.651,4.5,0.8,0.5,1.5,0.8,7.2,0.595
280,MarJon Beauchamp,2485200,52,13.5,0.492,0.73,2.2,0.7,0.4,0.1,0.9,5.1,0.513
281,Usman Garuba,2471160,75,12.9,0.554,0.617,4.1,0.9,0.6,0.4,0.6,3.0,0.569
282,Raul Neto,2463490,48,10.5,0.573,0.912,1.0,1.6,0.4,0.1,0.5,3.3,0.628
283,Frank Kaminsky,2463490,36,6.5,0.595,0.875,1.4,0.9,0.2,0.1,0.3,2.5,0.635
284,Montrezl Harrell,2463490,57,11.9,0.598,0.693,2.8,0.6,0.3,0.4,0.6,5.6,0.631
285,Blake Wesley,2385480,37,18.1,0.367,0.591,2.2,2.7,0.7,0.1,1.8,5.0,0.393
286,Josh Christopher,2372160,64,12.3,0.497,0.75,1.1,1.1,0.5,0.2,0.9,5.8,0.523
287,Isaiah Roby,2330681,42,11.3,0.49,0.488,2.5,0.9,0.4,0.2,0.7,4.1,0.497
288,Lindy Waters III,2316876,41,13.0,0.556,0.8,1.8,0.7,0.3,0.3,0.2,5.2,0.573
289,Immanuel Quickley,2316240,81,28.9,0.537,0.819,4.2,3.4,1.0,0.2,1.2,14.9,0.578
290,John Konchar,2300000,72,20.8,0.525,0.778,4.3,1.4,1.1,0.3,0.5,5.1,0.542
291,Rodney McGruder,2298385,32,16.4,0.543,0.818,2.3,0.9,0.5,0.0,0.3,5.7,0.566
292,Bryn Forbes,2298385,25,10.7,0.446,1.0,0.6,0.7,0.3,0.1,0.5,3.6,0.497
293,Damian Jones,2298385,41,11.6,0.698,0.759,3.0,0.4,0.2,0.5,0.6,3.5,0.719
294,Quentin Grimes,2277000,71,29.9,0.599,0.796,3.2,2.1,0.7,0.4,1.0,11.3,0.619
295,Saben Lee,2266640,25,14.9,0.45,0.737,1.8,2.7,0.8,0.0,1.0,6.0,0.517
296,Andrew Nembhard,2244111,75,27.6,0.512,0.79,2.7,4.5,0.9,0.2,1.7,9.5,0.528
297,Payton Pritchard,2239200,48,13.4,0.527,0.75,1.8,1.3,0.3,0.0,0.8,5.6,0.536
298,Bones Hyland,2201520,56,19.4,0.502,0.843,2.4,3.1,0.7,0.3,1.5,11.8,0.535
299,Bol Bol,2200000,70,21.5,0.577,0.759,5.8,1.0,0.4,1.2,1.6,9.1,0.603
300,Peyton Watson,2193960,23,8.1,0.542,0.55,1.6,0.5,0.1,0.5,0.3,3.3,0.553
301,Udoka Azubuike,2174880,36,10.0,0.819,0.35,3.3,0.3,0.2,0.4,0.5,3.5,0.774
302,Jaden McDaniels,2161440,79,30.6,0.591,0.736,3.9,1.9,0.9,1.0,1.4,12.1,0.611
303,Jordan McLaughlin,2160000,43,15.8,0.503,0.833,1.4,3.4,0.7,0.1,0.8,3.7,0.526
304,Malachi Flynn,2145720,53,13.0,0.457,0.758,1.4,1.3,0.4,0.1,0.5,4.6,0.479
305,Cam Thomas,2138160,57,16.6,0.497,0.868,1.7,1.4,0.4,0.1,1.1,10.6,0.567
306,Luke Kornet,2133278,69,11.7,0.674,0.821,2.9,0.8,0.2,0.7,0.4,3.8,0.697
307,Damion Lee,2133278,74,20.4,0.564,0.904,3.0,1.3,0.4,0.1,1.1,8.2,0.607
308,Juan Toscano-Anderson,2133278,52,13.5,0.476,0.792,2.4,1.3,0.3,0.2,0.7,3.0,0.505
309,Desmond Bane,2130240,58,31.7,0.568,0.883,5.0,4.4,1.0,0.4,2.2,21.5,0.606
310,Jaden Springer,2125200,16,5.6,0.514,0.75,0.9,0.5,0.4,0.2,0.2,2.6,0.545
311,Day'Ron Sharpe,2109480,48,11.5,0.561,0.636,4.2,0.8,0.3,0.7,0.9,4.7,0.581
312,Tony Bradley,2036318,12,2.8,0.625,1.0,0.9,0.1,0.1,0.1,0.1,1.6,0.69
313,Frank Ntilikina,2036318,47,12.9,0.428,0.667,1.3,1.2,0.3,0.1,0.6,2.9,0.461
314,Garrison Mathews,2000000,54,12.7,0.52,0.906,1.4,0.5,0.4,0.1,0.4,4.8,0.573
315,Jaylin Williams,2000000,49,18.7,0.534,0.704,4.9,1.6,0.6,0.2,0.8,5.9,0.559
316,Jeremiah Robinson-Earl,2000000,43,18.9,0.518,0.833,4.2,1.0,0.6,0.3,0.4,6.8,0.548
317,Kenrich Williams,2000000,53,22.8,0.59,0.436,4.9,2.0,0.8,0.3,0.6,8.0,0.585
318,Caleb Houstan,2000000,51,15.9,0.489,0.833,1.9,0.6,0.2,0.1,0.4,3.8,0.508
319,Shake Milton,1997718,76,20.6,0.535,0.853,2.5,3.2,0.3,0.2,1.2,8.4,0.575
320,Aaron Holiday,1968175,63,13.4,0.5,0.844,1.2,1.4,0.6,0.2,0.6,3.9,0.528
321,Yuta Watanabe,1968175,58,16.0,0.621,0.723,2.4,0.8,0.4,0.3,0.4,5.6,0.637
322,Edmond Sumner,1968175,53,13.9,0.519,0.917,1.5,1.3,0.6,0.2,0.9,7.1,0.597
323,Theo Pinson,1968175,40,8.1,0.483,0.846,1.6,1.2,0.2,0.0,0.3,2.4,0.512
324,Thomas Bryant,1968175,59,18.3,0.659,0.738,5.7,0.5,0.3,0.5,0.6,9.8,0.682
325,Josh Okogie,1968175,72,18.8,0.471,0.724,3.5,1.5,0.8,0.5,0.9,7.3,0.531
326,Drew Eubanks,1968175,78,20.3,0.651,0.664,5.4,1.3,0.5,1.3,0.9,6.6,0.666
327,Dean Wade,1930681,44,20.3,0.54,0.652,3.4,0.8,0.6,0.5,0.4,4.7,0.55
328,Terance Mann,1930681,81,23.1,0.593,0.78,3.4,2.3,0.5,0.3,1.0,8.8,0.619
329,Jaylen Nowell,1930681,65,19.3,0.502,0.778,2.6,2.0,0.6,0.1,1.0,10.8,0.527
330,Naz Reid,1930681,68,18.4,0.602,0.677,4.9,1.1,0.6,0.8,1.4,11.5,0.617
331,Jalen McDaniels,1930681,80,23.9,0.518,0.841,4.3,1.6,1.0,0.4,1.2,9.4,0.557
332,Daniel Gafford,1930681,78,20.6,0.732,0.679,5.6,1.1,0.4,1.3,1.1,9.0,0.739
333,Chimezie Metu,1910860,66,10.4,0.61,0.74,3.0,0.6,0.3,0.3,0.5,4.9,0.639
334,Davon Reed,1902133,43,8.0,0.435,0.667,1.4,0.5,0.3,0.1,0.5,2.1,0.471
335,KZ Okpala,1902133,35,7.1,0.513,0.875,1.0,0.4,0.2,0.2,0.2,1.3,0.554
336,Wenyen Gabriel,1878720,68,15.1,0.615,0.619,4.2,0.5,0.4,0.5,0.7,5.5,0.626
337,Thanasis Antetokounmpo,1878720,37,5.6,0.435,0.5,1.2,0.4,0.1,0.1,0.3,1.4,0.458
338,Moritz Wagner,1878720,57,19.5,0.564,0.841,4.5,1.5,0.6,0.2,1.2,10.5,0.63
339,Keita Bates-Diop,1878720,67,21.7,0.568,0.793,3.7,1.5,0.7,0.3,0.8,9.7,0.609
340,Oshae Brissett,1846738,65,16.7,0.461,0.717,3.4,0.7,0.5,0.2,0.5,6.1,0.52
341,Nathan Knight,1836090,38,7.7,0.617,0.684,1.5,0.3,0.3,0.2,0.6,3.7,0.655
342,Justin Jackson,1836090,23,4.7,0.352,0.5,0.7,0.4,0.2,0.2,0.1,0.9,0.359
343,Isaiah Joe,1836090,73,19.1,0.599,0.82,2.4,1.2,0.7,0.1,0.5,9.5,0.626
344,Ryan Arcidiacono,1836090,20,8.6,0.351,,0.8,1.2,0.3,0.0,0.4,1.3,0.351
345,Anthony Gill,1836090,59,10.6,0.553,0.731,1.7,0.6,0.1,0.2,0.3,3.3,0.604
346,Javonte Green,1815677,32,15.0,0.625,0.667,2.8,0.7,0.8,0.7,0.6,5.2,0.646
347,Gabe Vincent,1815677,68,25.9,0.505,0.872,2.1,2.5,0.9,0.1,1.4,9.4,0.533
348,Max Strus,1815677,80,28.4,0.535,0.876,3.2,2.1,0.5,0.2,0.9,11.5,0.557
349,Nick Richards,1782621,65,18.7,0.631,0.749,6.4,0.6,0.2,1.1,0.9,8.2,0.676
350,Lamar Stevens,1782621,62,18.1,0.5,0.702,3.3,0.5,0.4,0.3,0.4,5.3,0.524
351,Naji Marshall,1782621,77,23.3,0.49,0.789,3.6,2.5,0.7,0.2,1.3,9.1,0.539
352,Paul Reed,1782621,69,10.9,0.596,0.745,3.8,0.4,0.7,0.7,0.7,4.2,0.62
353,Tre Jones,1782621,68,29.2,0.489,0.86,3.6,6.6,1.3,0.1,1.6,12.9,0.534
354,Haywood Highsmith,1752638,54,17.9,0.516,0.464,3.5,0.8,0.7,0.3,0.8,4.4,0.517
355,Omer Yurtseven,1752638,9,9.2,0.648,0.833,2.6,0.2,0.2,0.2,0.4,4.4,0.675
356,Leandro Bolmaro,1709300,14,4.9,0.15,,0.5,0.5,0.2,0.1,0.5,0.4,0.15
357,Terry Taylor,1703902,31,8.5,0.553,0.545,1.5,0.3,0.1,0.2,0.3,2.9,0.557
358,Jared Butler,1674655,6,12.8,0.578,,0.7,1.3,0.8,0.0,0.8,6.2,0.578
359,Jericho Sims,1639842,52,15.6,0.776,0.75,4.7,0.5,0.3,0.5,0.5,3.4,0.78
360,Sam Hauser,1637966,80,16.1,0.631,0.706,2.6,0.9,0.4,0.3,0.4,6.4,0.634
361,Kessler Edwards,1637966,36,10.7,0.478,0.733,1.7,0.6,0.4,0.2,0.4,2.8,0.502
362,Isaiah Todd,1575000,6,10.2,0.184,1.0,2.0,0.7,0.2,0.0,0.3,1.5,0.226
363,Vit Krejci,1563518,29,5.7,0.473,0.5,0.9,0.6,0.2,0.0,0.2,1.2,0.475
364,JT Thor,1563518,69,14.0,0.481,0.702,2.2,0.5,0.3,0.3,0.6,3.8,0.506
365,Marko Simonovic,1563518,7,2.9,0.357,0.5,0.3,0.0,0.0,0.0,0.0,0.9,0.381
366,Ayo Dosunmu,1563518,80,26.2,0.545,0.805,2.8,2.6,0.8,0.3,1.2,8.6,0.567
367,Isaiah Livers,1563518,52,23.1,0.545,0.821,2.8,0.8,0.5,0.5,0.6,6.7,0.567
368,Daishen Nix,1563518,57,16.0,0.426,0.667,1.7,2.3,0.5,0.1,1.5,4.0,0.447
369,Jason Preston,1563518,14,8.9,0.5,0.0,1.6,1.9,0.1,0.0,0.7,2.9,0.489
370,Austin Reaves,1563518,64,28.8,0.616,0.864,3.0,3.4,0.5,0.3,1.5,13.0,0.687
371,Jose Alvarado,1563518,61,21.5,0.496,0.813,2.3,3.0,1.1,0.2,1.3,9.0,0.525
372,Miles McBride,1563518,64,11.9,0.451,0.667,0.8,1.1,0.6,0.1,0.4,3.5,0.475
373,Aaron Wiggins,1563518,70,18.5,0.579,0.831,3.0,1.1,0.6,0.2,0.8,6.8,0.607
374,Jock Landale,1563518,69,14.2,0.559,0.752,4.1,1.0,0.2,0.4,0.9,6.6,0.595
375,Trendon Watford,1563518,62,19.1,0.599,0.72,3.8,2.1,0.5,0.2,1.1,7.4,0.625
376,Dalano Banton,1563518,31,9.0,0.481,0.708,1.5,1.2,0.4,0.4,0.6,4.6,0.505
377,Christian Koloko,1500000,58,13.8,0.483,0.627,2.9,0.5,0.4,1.0,0.3,3.1,0.517
378,Bryce McGowens,1461055,46,17.1,0.46,0.75,2.0,1.2,0.3,0.1,0.9,5.3,0.519
379,Jordan Goodwin,1280206,62,17.8,0.501,0.768,3.3,2.7,0.9,0.4,0.9,6.6,0.531
380,Kennedy Chandler,1200000,36,7.8,0.434,0.462,1.1,1.6,0.3,0.1,0.5,2.2,0.44
381,Noah Vonleh,1160955,23,7.4,0.479,1.0,2.1,0.3,0.1,0.3,0.5,1.1,0.502
382,Sandro Mamukelashvili,1116112,43,15.3,0.487,0.684,4.3,1.4,0.3,0.3,0.8,6.1,0.516
383,Sam Merrill,1105522,5,11.8,0.523,1.0,1.8,1.0,0.8,0.0,0.0,5.0,0.546
384,Tyrese Martin,1017781,16,4.1,0.413,1.0,0.8,0.1,0.1,0.0,0.1,1.3,0.44
385,Jaden Hardy,1017781,48,14.8,0.533,0.823,1.9,1.4,0.4,0.1,1.0,8.8,0.571
386,Ryan Rollins,1017781,12,5.2,0.425,1.0,1.0,0.5,0.1,0.1,1.3,1.9,0.508
387,Max Christie,1017781,41,12.5,0.538,0.875,1.8,0.5,0.2,0.2,0.3,3.1,0.566
388,Josh Minott,1017781,15,6.4,0.528,1.0,1.7,0.3,0.3,0.4,0.2,3.1,0.582
389,Jabari Walker,1017781,56,11.1,0.46,0.756,2.3,0.6,0.2,0.2,0.5,3.9,0.496
390,Eugene Omoruyi,1013119,40,16.1,0.498,0.68,2.8,0.7,0.7,0.1,0.9,7.0,0.533
391,Kris Dunn,1000001,22,25.8,0.576,0.774,4.5,5.6,1.1,0.5,1.6,13.2,0.606
392,Admiral Schofield,877940,37,12.2,0.549,0.913,1.7,0.8,0.2,0.1,0.4,4.2,0.587
393,Justin Champagnie,853241,5,6.8,0.367,,1.6,0.8,0.2,0.0,0.0,2.2,0.367
394,Trevelin Queen,838891,7,10.0,0.276,1.0,2.4,0.9,0.3,0.7,1.0,3.0,0.337
395,Moses Brown,824041,36,8.2,0.635,0.458,3.9,0.1,0.1,0.4,0.4,4.3,0.607
396,Matt Ryan,806097,34,9.1,0.519,0.833,0.8,0.5,0.1,0.0,0.2,3.6,0.538
397,PJ Dozier,784654,16,4.9,0.333,,0.9,0.6,0.4,0.1,0.3,1.4,0.333
398,Cody Zeller,743922,15,14.5,0.627,0.686,4.3,0.7,0.2,0.3,0.9,6.5,0.659
399,Meyers Leonard,713558,9,12.7,0.603,0.889,3.8,0.1,0.2,0.0,0.7,4.8,0.652
400,Anthony Lamb,694878,62,19.3,0.588,0.767,3.5,1.5,0.5,0.3,0.9,6.7,0.61
401,Michael Carter-Williams,652829,4,11.0,0.464,0.571,1.3,1.8,0.3,0.3,1.0,4.3,0.498
402,Carlik Jones,612162,7,8.0,0.5,0.625,0.7,0.9,0.3,0.0,0.3,2.9,0.54
403,Trevor Keels,520589,3,2.7,0.375,,0.7,0.0,0.0,0.0,0.0,1.0,0.375
404,Dereon Seabron,511816,5,2.4,0.4,,0.2,0.0,0.0,0.0,0.0,0.8,0.4
405,Trent Forrest,508891,23,12.0,0.417,0.667,1.6,1.7,0.3,0.1,0.7,2.3,0.424
406,Mfiondu Kabengele,508891,4,9.0,0.286,1.0,2.5,0.0,0.5,0.0,0.3,1.5,0.381
407,JD Davison,508891,12,5.5,0.474,0.5,0.8,0.9,0.2,0.2,0.3,1.6,0.478
408,Malcolm Hill,508891,5,1.8,0.625,,0.6,0.0,0.0,0.0,0.0,1.0,0.625
409,Mamadi Diakite,508891,22,8.0,0.55,1.0,1.4,0.4,0.2,0.4,0.5,2.6,0.56
410,Isaiah Mobley,508891,12,7.0,0.482,1.0,1.7,0.3,0.3,0.3,0.1,2.6,0.521
411,Jack White,508891,17,3.9,0.5,0.667,1.0,0.2,0.2,0.1,0.1,1.2,0.517
412,Buddy Boeheim,508891,10,9.0,0.259,1.0,0.6,0.4,0.2,0.0,0.0,1.6,0.287
413,Darius Days,508891,4,6.3,0.542,1.0,1.5,0.3,0.0,0.3,0.0,3.8,0.582
414,Trevor Hudgins,508891,5,5.6,0.333,1.0,0.0,0.6,0.0,0.0,0.2,1.8,0.436
415,Kendall Brown,508891,6,6.7,0.571,0.5,1.0,0.5,0.7,0.0,0.3,1.5,0.571
416,Cole Swider,508891,7,5.9,0.5,,1.0,0.6,0.0,0.0,0.0,1.3,0.5
417,Jamal Cain,508891,18,13.3,0.614,0.773,2.9,0.7,0.6,0.1,0.3,5.4,0.647
418,Luka Garza,508891,28,8.7,0.603,0.788,2.3,0.6,0.1,0.1,0.5,6.5,0.652
419,Kevon Harris,508891,34,13.4,0.514,0.756,2.1,0.5,0.5,0.1,0.6,4.1,0.564
420,Keon Ellis,508891,16,4.4,0.625,0.571,0.5,0.4,0.3,0.1,0.1,1.5,0.629
421,Neemias Queta,508891,5,5.8,0.667,0.0,2.2,0.2,0.0,0.4,0.2,2.4,0.607
422,Dominick Barlow,508891,28,14.6,0.535,0.72,3.6,0.9,0.4,0.7,0.5,3.9,0.567
423,Julian Champagnie,508891,17,18.8,0.581,0.824,3.5,0.6,0.4,0.3,0.6,9.7,0.6
424,Jeff Dowtin,508891,25,10.4,0.482,0.667,0.9,1.2,0.4,0.1,0.2,2.4,0.5
425,Micah Potter,508891,7,7.4,0.8,,2.3,0.6,0.1,0.0,0.3,3.4,0.8
426,Johnny Juzang,508891,18,12.9,0.409,0.5,2.2,0.4,0.2,0.2,0.2,4.8,0.411
427,John Butler,503041,19,11.6,0.396,0.75,0.9,0.6,0.4,0.5,0.1,2.4,0.411
428,Chima Moneke,500000,2,4.0,0.5,0.0,1.0,0.5,0.0,0.0,1.0,1.0,0.347
429,Facundo Campazzo,464299,8,6.5,0.346,0.5,0.3,1.1,0.8,0.0,0.4,1.3,0.36
430,Orlando Robinson,386055,31,13.7,0.528,0.71,4.1,0.8,0.4,0.4,0.5,3.7,0.565
431,Dru Smith,374357,15,10.5,0.456,1.0,1.6,1.5,0.7,0.3,0.2,2.9,0.475
432,Jared Rhoden,307089,14,14.1,0.443,1.0,2.6,0.3,0.3,0.1,0.2,3.2,0.482
433,Louis King,307089,1,29.0,0.769,0.0,4.0,2.0,1.0,0.0,2.0,20.0,0.744
434,Jarrett Culver,260295,10,13.7,0.407,0.692,3.8,0.6,0.6,0.2,0.7,4.4,0.452
435,Olivier Sarr,257371,9,12.7,0.517,0.714,3.4,0.4,0.1,0.6,0.4,4.0,0.544
436,Alondes Williams,254446,1,5.0,,,1.0,0.0,0.0,0.0,2.0,0.0,
437,Donovan Williams,239822,2,2.0,0.4,,1.0,0.0,0.0,0.0,0.0,2.0,0.4
438,Quenton Jackson,219630,9,15.0,0.464,0.773,0.9,1.7,0.4,0.1,0.4,6.2,0.542
439,Chris Silva,211045,1,3.0,1.0,,0.0,0.0,0.0,0.0,1.0,2.0,1.0
440,Tyler Dorsey,201802,3,2.7,0.9,,0.7,0.0,0.0,0.0,0.0,3.0,0.9
441,Braxton Key,201802,3,3.0,1.0,1.0,0.3,0.0,0.0,0.0,0.0,1.3,1.064
442,Jordan Hall,193027,9,9.2,0.375,0.778,1.3,1.2,0.1,0.0,0.8,3.1,0.438
443,Alize Johnson,192293,4,7.5,0.5,0.5,2.5,0.3,0.3,0.0,1.0,1.8,0.509
444,Devon Dotson,169630,6,8.8,0.15,,1.7,1.3,0.8,0.0,0.5,0.5,0.15
445,Mac McClung,160856,2,20.5,0.55,0.6,5.0,4.5,0.0,0.0,1.5,12.5,0.563
446,Xavier Cooks,140384,10,12.6,0.607,0.4,3.8,0.6,0.6,0.4,0.8,3.8,0.586
447,Shaquille Harrison,134862,5,24.0,0.458,0.733,4.4,6.0,2.2,0.4,1.2,8.8,0.516
448,Lester Quinones,129405,4,4.5,0.6,0.667,0.8,0.5,0.3,0.0,1.3,2.5,0.654
449,Xavier Moon,116986,4,5.0,0.389,,0.8,1.3,0.0,0.0,0.3,1.8,0.389
450,Jamaree Bouyea,116986,5,14.2,0.5,0.5,1.2,0.8,0.8,0.4,0.8,3.0,0.504
451,Jay Huff,116986,7,13.6,0.72,0.938,3.0,1.4,0.4,0.6,0.7,7.3,0.796
452,Skylar Mays,116574,6,31.5,0.588,0.923,3.2,8.3,1.0,0.2,1.7,15.3,0.624
453,Frank Jackson,113114,1,5.0,0.0,,2.0,1.0,0.0,0.0,0.0,0.0,0.0
454,Deonte Burton,105522,2,3.0,0.0,,0.0,0.0,0.0,0.0,0.0,0.0,0.0
455,Jarrell Brantley,105522,4,9.8,0.714,1.0,1.5,0.8,0.0,0.5,0.5,5.5,0.739
456,Xavier Sneed,102910,4,12.0,0.65,1.0,1.3,1.3,0.0,0.3,0.8,4.3,0.723
457,Lindell Wigginton,99438,7,12.4,0.568,0.889,1.0,2.0,0.0,0.3,1.7,7.1,0.61
458,Jordan Schakel,96514,2,3.0,0.75,,0.0,0.5,0.5,0.0,0.0,1.5,0.75
459,Stanley Umude,58493,1,2.0,0.0,1.0,0.0,0.0,1.0,1.0,0.0,2.0,0.532
460,Jeenathan Williams,52644,5,25.4,0.654,0.667,3.0,2.0,0.6,0.4,0.8,10.6,0.657
461,Jay Scrubb,49719,2,15.0,0.857,0.5,3.0,0.5,1.0,0.0,1.5,6.5,0.825
462,Justin Minaya,35096,4,22.3,0.37,0.0,3.8,1.0,0.5,1.3,1.0,4.3,0.363
463,Kobi Simmons,32795,5,5.6,0.25,1.0,0.8,1.0,0.0,0.4,0.2,1.0,0.363
464,Gabe York,32171,3,18.7,0.524,1.0,2.0,1.7,0.7,0.0,0.0,8.0,0.548
465,RaiQuan Gray,5849,1,35.0,0.583,1.0,9.0,7.0,0.0,1.0,4.0,16.0,0.621
466,Jacob Gilyard,5849,1,41.0,0.5,,4.0,7.0,3.0,0.0,2.0,3.0,0.5
